	d1_0	d1_1	d1_2	d1_3	d1_4	d1_5	d1_6	d1_7	d1_8	d1_9	d1_10	d1_11	d1_12	d1_13	d1_14	d1_15	d1_16	d1_17	d1_18	d1_19	d1_20	d1_21	d1_22	d1_23	d1_24	d1_25	d1_26	d1_27	d1_28
d2_0	0	0.0103962	0.00553581	0.00382932	0.00290342	0.00229544	0.00193913	0.00166775	0.00147909	0.00130415	0.00118739	0.00105293	0.0010075	0.000923262	0.000808448	0.000745774	0.000770845	0.000700418	0.000676898	0.000605145	0.000564853	0.000514729	0.000490233	0.000444585	0.000460672	0.00044907	0.000400349	0.000358585	0.000346536
d2_1	0.225815	0.00879498	0.00491975	0.00338174	0.00256433	0.00205755	0.00169786	0.00151748	0.00134865	0.00124299	0.00109318	0.00104981	0.000946973	0.000887478	0.000762179	0.000776501	0.000759292	0.000749975	0.000672459	0.000619273	0.000612756	0.000562401	0.000511654	0.000514247	0.000487856	0.000461976	0.00044487	0.000419835	0.000391181
d2_2	0.0924877	0.00734947	0.00428724	0.00295922	0.00232423	0.0019191	0.0016475	0.00152625	0.00136817	0.00115255	0.00103755	0.00100222	0.000965765	0.000829732	0.000779543	0.000765292	0.000758965	0.000693278	0.000684791	0.000644322	0.00061681	0.000641619	0.00062076	0.000559937	0.000538099	0.000527953	0.000485298	0.000472013	0.000457302
d2_3	0.0515222	0.00625074	0.00364732	0.00277951	0.00211854	0.00179526	0.00144731	0.00145798	0.00127734	0.00115999	0.00105052	0.000931405	0.000880526	0.000801066	0.000726535	0.000786933	0.000736903	0.000736432	0.000640614	0.000668046	0.000634221	0.000627529	0.000527515	0.000567102	0.000540084	0.000566254	0.000575769	0.00060818	0.00057116
d2_4	0.032216	0.00513131	0.00317298	0.00238019	0.00194115	0.00161599	0.00138397	0.00125688	0.00120848	0.00103133	0.00095497	0.000895413	0.000769226	0.000853581	0.000783447	0.000703641	0.000676659	0.000705971	0.000759493	0.000632983	0.000649089	0.000632056	0.000621264	0.00062445	0.000564298	0.000617553	0.000591163	0.000640616	0.000748897
d2_5	0.0215112	0.00412032	0.00265258	0.0020741	0.00166776	0.00146237	0.00119428	0.00110971	0.00105148	0.00101604	0.000908869	0.000894914	0.000780176	0.000746911	0.000748142	0.000740973	0.000785177	0.000705823	0.00067136	0.000613318	0.000608451	0.000552633	0.000617446	0.000654995	0.000637052	0.000608935	0.000613486	0.000718089	0.000799231
d2_6	0.0148441	0.00358377	0.00238635	0.00175267	0.00149243	0.00135156	0.00126725	0.00110165	0.000989495	0.000873248	0.000891434	0.000846849	0.000745238	0.000736077	0.00069776	0.000728283	0.000674593	0.000679164	0.000633047	0.000648193	0.000648647	0.000683474	0.000597852	0.000666991	0.000657408	0.000657746	0.000674546	0.000778198	0.000967732
d2_7	0.0103844	0.00288261	0.00200677	0.00164662	0.00137882	0.00112695	0.00105524	0.000921299	0.000854979	0.000814755	0.000843657	0.000758662	0.000673663	0.000725327	0.000693544	0.000607278	0.000678232	0.000701188	0.000624033	0.000639556	0.000649376	0.000636156	0.00067749	0.000666188	0.000660976	0.000705663	0.000627348	0.000854998	0.00125167
d2_8	0.00735612	0.00255629	0.00170975	0.00149498	0.00115196	0.00116459	0.00096737	0.000919633	0.000864703	0.00082104	0.000710545	0.000778745	0.00071662	0.000659457	0.000657537	0.000636991	0.000664916	0.000580142	0.000620065	0.000635648	0.00062088	0.000623072	0.000593661	0.000705856	0.000659327	0.000731752	0.000862062	0.000948963	0.00132983
d2_9	0.00540089	0.00196791	0.00145764	0.00128913	0.00103139	0.000959602	0.000804821	0.000778329	0.000747516	0.000717073	0.000671485	0.00059365	0.000635015	0.000616713	0.000625977	0.000581282	0.000609639	0.000594394	0.000510896	0.000554763	0.000620131	0.000618294	0.00069874	0.000710989	0.000672964	0.000803868	0.000883434	0.000983503	0.00172646
d2_10	0.00393094	0.00158774	0.00130841	0.00102564	0.000870078	0.000885474	0.000792688	0.000738321	0.000704089	0.000697502	0.000621357	0.00056283	0.00057636	0.000572853	0.000592651	0.000583109	0.000639639	0.000572628	0.000574917	0.000598656	0.000587556	0.000634329	0.00059244	0.000639247	0.000690158	0.00084685	0.00097123	0.000959918	0.00197322
d2_11	0.00287775	0.00134565	0.000978689	0.000847218	0.000771006	0.000767543	0.000582343	0.000631672	0.000603839	0.000567211	0.000582503	0.000482889	0.000561492	0.000478599	0.000542195	0.000460343	0.00055834	0.000505663	0.000562806	0.000560643	0.000563364	0.000601619	0.0006103	0.000754001	0.000688856	0.000781659	0.000923158	0.00118885	0.00232278
d2_12	0.0020715	0.000931425	0.000940849	0.000780538	0.000645751	0.000527108	0.000548643	0.000536032	0.000543664	0.000522129	0.000483327	0.00048065	0.000513646	0.000482491	0.000509204	0.000508011	0.000477035	0.000458049	0.00052538	0.000529713	0.000607037	0.000589734	0.000628922	0.000713749	0.000706438	0.000777693	0.000953576	0.00121231	0.00265984
d2_13	0.00150479	0.000809728	0.000710227	0.000630387	0.000536222	0.000525349	0.000500306	0.00045951	0.000452363	0.000410673	0.000372529	0.000440013	0.000443153	0.000427675	0.000445536	0.000411591	0.000425285	0.000409923	0.000495484	0.00046485	0.00050735	0.000517154	0.000565761	0.000695746	0.00072315	0.000819815	0.000980906	0.00122255	0.00298247
d2_14	0.000964052	0.000617834	0.000570006	0.000471108	0.000453787	0.000436228	0.000385512	0.000376287	0.00037598	0.000395461	0.000391128	0.000356704	0.000427032	0.000381085	0.000368139	0.000375041	0.000422329	0.000476034	0.000446152	0.000473352	0.00052606	0.000487344	0.00054448	0.000622502	0.000660058	0.000832876	0.000918014	0.00131263	0.00340138
d2_15	0.000800132	0.000499243	0.000357175	0.000383942	0.000369308	0.000350523	0.00032746	0.000310866	0.000332757	0.000329714	0.00032854	0.000369703	0.000336749	0.000328375	0.000351335	0.000367274	0.000296954	0.000370813	0.000408384	0.000382342	0.000410104	0.000421766	0.000523959	0.000553019	0.000613784	0.000796333	0.000908068	0.00123061	0.0039153
d2_16	0.000488842	0.000330085	0.000285298	0.000292628	0.000280854	0.000290125	0.000259217	0.000306093	0.00030395	0.000300749	0.000269414	0.000295829	0.000280644	0.000292702	0.000281244	0.000285446	0.000281454	0.000380315	0.000335186	0.000378621	0.000371786	0.000431661	0.000528922	0.00058075	0.000603203	0.000657838	0.000845294	0.00130543	0.00461525
d2_17	0.000318103	0.000277935	0.00021808	0.000232796	0.000256157	0.000231455	0.000216486	0.000167772	0.000201035	0.000235262	0.000225484	0.000209477	0.000321255	0.000246547	0.000263036	0.000236386	0.000258698	0.000311787	0.000284062	0.000307201	0.000353171	0.000360031	0.00034809	0.00047108	0.000496048	0.000635996	0.000791531	0.00121788	0.00524184
d2_18	0.000206362	0.000168724	0.000200652	0.000204286	0.000152198	0.000190009	0.000171579	0.00019148	0.000178674	0.000163792	0.00022185	0.000210429	0.000167339	0.000222716	0.000223099	0.000253036	0.000166042	0.00026295	0.000252048	0.000262604	0.000319883	0.000308375	0.000345322	0.000442489	0.000519843	0.00062146	0.000858242	0.00119327	0.00597844
d2_19	0.000108502	0.000152111	0.000113607	0.00012598	0.00012399	0.000139305	0.000108416	0.000127624	0.000139565	0.000152544	0.000111704	0.000159725	0.000145665	0.00017132	0.000123212	0.000158168	0.000167339	0.00019373	0.000216572	0.000248586	0.000281676	0.000291157	0.000230676	0.000359512	0.00042354	0.000499163	0.000673684	0.00109748	0.00682856
d2_20	6.5759e-05	7.57094e-05	7.61421e-05	7.62286e-05	8.13336e-05	9.73407e-05	9.21492e-05	0.000122693	9.64754e-05	9.30144e-05	0.000121135	9.3274e-05	0.000134546	0.000125894	0.000111185	0.000127192	0.000167686	0.000159206	0.000137661	0.000147958	0.000202469	0.000223494	0.000187154	0.000245299	0.00029505	0.000382008	0.000561894	0.00095091	0.0077292
d2_21	3.89363e-05	4.41278e-05	5.06172e-05	4.97519e-05	5.32129e-05	4.58583e-05	3.15816e-05	6.40285e-05	5.92697e-05	6.66243e-05	6.14328e-05	8.47946e-05	0.000100369	8.04683e-05	4.75888e-05	8.56598e-05	7.44116e-05	0.000101234	0.000122433	0.000121568	0.000118972	0.00013022	0.000138873	0.000177809	0.000192086	0.000327497	0.000413157	0.000727243	0.00898719
d2_22	1.81703e-05	1.64398e-05	2.24965e-05	3.63405e-05	2.94185e-05	1.0383e-05	1.64398e-05	2.59575e-05	3.37448e-05	1.55745e-05	3.98015e-05	3.89363e-05	4.1532e-05	2.46596e-05	3.20143e-05	3.461e-05	5.1915e-05	4.1532e-05	4.58583e-05	5.1915e-05	4.67235e-05	6.10002e-05	8.60924e-05	6.5759e-05	0.000117674	0.000157476	0.000231022	0.000385902	0.0016881
