	d0_0	d0_1	d0_2	d0_3	d0_4	d0_5	d0_6	d0_7	d0_8	d0_9	d0_10	d0_11	d0_12	d0_13	d0_14	d0_15	d0_16	d0_17	d0_18	d0_19	d0_20	d0_21	d0_22	d0_23	d0_24	d0_25	d0_26	d0_27	d0_28	d0_29	d0_30	d0_31	d0_32
d2_0	0	0.0307479	0.00819413	0.00440779	0.00331897	0.0025153	0.00202778	0.001778	0.00145405	0.00137494	0.00123695	0.00108424	0.00102752	0.00091977	0.000789364	0.000749431	0.000667846	0.000621274	0.00060178	0.000535538	0.000504741	0.000457257	0.000424855	0.00044061	0.000389233	0.000340144	0.000338611	0.00028891	0.000262523	0.000205133	0.000153011	6.86149e-05	2.99127e-05
d2_1	0.202835	0.0202357	0.00736756	0.0040523	0.00290784	0.00225517	0.00203012	0.00170974	0.00145014	0.00132658	0.0011668	0.00112663	0.000994792	0.000840222	0.000928446	0.000774119	0.000746557	0.000735098	0.000646926	0.000580336	0.000589789	0.000514276	0.00052624	0.00045234	0.000464626	0.000417275	0.000411205	0.000334903	0.000313378	0.000259603	0.000190743	0.000133846	4.06729e-05
d2_2	0.0759973	0.0156495	0.0065715	0.00395578	0.00283337	0.00215131	0.00176863	0.00157191	0.00136307	0.00132638	0.00115854	0.00104335	0.000976299	0.000900413	0.000832701	0.000777545	0.000727259	0.000731356	0.000625558	0.000625199	0.00058173	0.00049918	0.000562075	0.000470317	0.000513551	0.000442337	0.000476122	0.00043879	0.000404624	0.000355022	0.000267223	0.000161789	6.39921e-05
d2_3	0.038452	0.0123983	0.00569402	0.0035264	0.00253545	0.00195337	0.00172571	0.0015704	0.00141262	0.00121068	0.00110966	0.00100712	0.000909502	0.000925904	0.000754399	0.000866574	0.000748383	0.000755237	0.000636862	0.00069011	0.000579302	0.000582513	0.000535356	0.00053945	0.000556059	0.000458126	0.000484898	0.000446185	0.000381605	0.000399208	0.000316452	0.000205967	8.17415e-05
d2_4	0.0220143	0.00941944	0.00477625	0.00305539	0.00225434	0.0018205	0.0015195	0.00137573	0.00122612	0.00111003	0.00102195	0.00099217	0.000938453	0.000909817	0.000785601	0.000757658	0.000741601	0.000764394	0.000680865	0.000735444	0.000627677	0.000591107	0.000561197	0.000614973	0.000527076	0.000529083	0.000578066	0.000514077	0.000447698	0.000412346	0.000420717	0.000300885	0.000106352
d2_5	0.0133329	0.00700258	0.00424477	0.00262948	0.00206812	0.00163954	0.00136788	0.0012191	0.00118117	0.00106344	0.000862091	0.000892224	0.000893015	0.000885586	0.000787545	0.000768876	0.000722735	0.00067005	0.000600161	0.000630213	0.000619753	0.000587339	0.000638908	0.000603764	0.000574189	0.00054669	0.00053342	0.000552925	0.000519863	0.000480394	0.000412057	0.000290753	0.000152287
d2_6	0.00832205	0.00546604	0.00353983	0.00255672	0.00184912	0.00148282	0.00122296	0.00116993	0.00109892	0.00100176	0.000926603	0.000830541	0.000846885	0.000837707	0.000732357	0.000765485	0.000687979	0.00067029	0.000622559	0.000585725	0.000582882	0.000534695	0.000506223	0.000645508	0.000587882	0.000623604	0.000575934	0.000581406	0.000548638	0.000628335	0.000555912	0.000389586	0.000188651
d2_7	0.005454	0.00405962	0.00280097	0.00207525	0.00162197	0.00132391	0.00120511	0.00105542	0.000990516	0.000887017	0.00082001	0.000791661	0.000791123	0.000706191	0.000714192	0.000650828	0.000633985	0.000714978	0.000617163	0.000612829	0.000586779	0.0006525	0.000627787	0.000574569	0.000555906	0.000589743	0.000605371	0.000636269	0.000573785	0.000514019	0.000642978	0.00048287	0.000251984
d2_8	0.00354554	0.0031079	0.00220531	0.00174133	0.00141173	0.00117719	0.0010957	0.00095806	0.000883442	0.00080577	0.000819066	0.000773779	0.000751132	0.000709563	0.000671494	0.000652627	0.000707307	0.000663332	0.000668329	0.000590831	0.000602589	0.00065955	0.000582131	0.000659513	0.000663729	0.000577415	0.000658303	0.000617366	0.000661216	0.000707251	0.000677591	0.000573649	0.00033755
d2_9	0.00241963	0.00227492	0.00188327	0.00147736	0.00116508	0.000993175	0.000961163	0.000810288	0.000775944	0.000759213	0.000718271	0.000713668	0.000630233	0.000653323	0.000619695	0.000599012	0.00058815	0.000711848	0.00062404	0.000603593	0.00057553	0.000590428	0.000581979	0.000582311	0.000543879	0.000612197	0.000675374	0.000649652	0.000652052	0.00077399	0.000804923	0.000715955	0.000398845
d2_10	0.00164138	0.00173561	0.00151	0.0012064	0.00101718	0.000895303	0.000812504	0.000754399	0.000769991	0.000657148	0.000647932	0.000622886	0.00066366	0.000613649	0.000581819	0.000657442	0.000555733	0.000492327	0.000488863	0.000572254	0.000597247	0.000559217	0.000579742	0.000620561	0.000575222	0.000673383	0.000708882	0.000665206	0.000722969	0.000879554	0.000832463	0.000831085	0.000525204
d2_11	0.00099753	0.00126412	0.00106644	0.000959962	0.000896544	0.000779438	0.000710137	0.000624289	0.000589733	0.000560663	0.000645457	0.000556163	0.000557795	0.000571679	0.000530932	0.000565719	0.000593886	0.000579496	0.000539389	0.000556426	0.000539519	0.000541166	0.00060812	0.000525137	0.000572535	0.000579934	0.00063279	0.000702034	0.000789945	0.000838604	0.00092538	0.00098011	0.000724532
d2_12	0.000597854	0.000858274	0.000855768	0.000788564	0.00069565	0.000592759	0.000604337	0.000592957	0.000504146	0.000534542	0.000467595	0.000503938	0.000530685	0.000493326	0.000470812	0.000457411	0.000510338	0.00056276	0.000496284	0.000499042	0.000535912	0.000502887	0.000484514	0.000556163	0.000613262	0.000633342	0.000647201	0.000726468	0.000755243	0.000954493	0.00107236	0.00120513	0.00100938
d2_13	0.000378923	0.000641776	0.0006907	0.000634169	0.000484823	0.00054141	0.000527142	0.000463378	0.000410197	0.000424634	0.000452598	0.000479353	0.000406903	0.000416721	0.000445144	0.00051051	0.000388249	0.000440997	0.00046474	0.000500194	0.000477751	0.000500178	0.000466477	0.000540459	0.000522951	0.000564539	0.000614515	0.000737142	0.000733631	0.000922669	0.00115608	0.00126897	0.00118127
d2_14	0.00024842	0.000418157	0.000511089	0.000461061	0.000420744	0.000420017	0.000405807	0.000370888	0.000415225	0.00039134	0.000337845	0.000373654	0.000389912	0.000365721	0.000403903	0.000408723	0.000436344	0.00037818	0.000397678	0.000411233	0.000418748	0.000420326	0.000474562	0.000501558	0.000488105	0.000552851	0.000618698	0.000664833	0.000825258	0.000960387	0.00111838	0.00150859	0.00148489
d2_15	0.000170611	0.00032677	0.000402817	0.000310018	0.000332299	0.000352005	0.000334749	0.000300513	0.000291299	0.000290416	0.00031508	0.000315755	0.000261956	0.000322262	0.000311393	0.000393418	0.000324609	0.000353975	0.000328329	0.000361386	0.00038741	0.000390741	0.000358512	0.000413565	0.000465001	0.000504072	0.000594387	0.000612798	0.000784166	0.000893797	0.00121943	0.00167248	0.00185071
d2_16	0.000125673	0.000226115	0.000271057	0.000310128	0.000256503	0.000262293	0.000260877	0.00030123	0.000223499	0.000304049	0.000229236	0.000239448	0.000228272	0.000278083	0.00027136	0.000254081	0.00030358	0.00033269	0.000312412	0.000347161	0.000359512	0.000335426	0.000365055	0.000405594	0.000420023	0.000476835	0.000429686	0.000538527	0.000693455	0.00103751	0.00130833	0.00177561	0.00226827
d2_17	7.05119e-05	0.000129418	0.000157555	0.000212042	0.000170123	0.000220054	0.000206342	0.000209548	0.000210349	0.000217042	0.000231561	0.000207825	0.000217223	0.000221573	0.000196607	0.000229754	0.000272601	0.000242364	0.000263648	0.000290229	0.000280397	0.000285506	0.00027289	0.000323292	0.000382707	0.000372718	0.00041936	0.000516224	0.000646078	0.000770173	0.00127703	0.00182849	0.00300705
d2_18	3.66898e-05	0.000108214	0.000153712	8.22358e-05	0.000141361	0.000130228	0.00019045	0.000137566	0.000157218	0.000192811	0.000164809	0.000153338	0.000165652	0.000243165	0.000181931	0.000238815	0.000198294	0.000209174	0.00021609	0.000249912	0.000300603	0.00027724	0.00028112	0.000287687	0.000310556	0.000369886	0.000393635	0.000469039	0.000588471	0.000744255	0.00115358	0.00203894	0.00372111
d2_19	1.48024e-05	5.49082e-05	9.48874e-05	0.000112431	8.02115e-05	9.56827e-05	0.000114793	8.99111e-05	0.000136638	0.000106527	9.09232e-05	0.000112853	0.000102816	0.000134951	0.000118504	0.000166833	0.000152073	0.000194667	0.000163122	0.000195848	0.000164725	0.00019298	0.00021997	0.000253708	0.000310219	0.000288879	0.000314942	0.000370187	0.000491222	0.000707481	0.00106932	0.0020365	0.00457501
d2_20	1.47603e-05	2.78336e-05	4.89197e-05	6.15714e-05	6.24148e-05	7.84403e-05	7.67534e-05	6.71381e-05	7.80185e-05	5.00162e-05	9.95264e-05	7.16927e-05	7.75968e-05	0.00010543	7.53195e-05	0.000118926	0.000104165	0.000132252	0.000106696	0.000114961	0.000151651	0.000141699	0.000153085	0.000208584	0.000175858	0.000227139	0.000240635	0.000261721	0.000404431	0.000524032	0.000858035	0.00177781	0.00595581
d2_21	0	2.53033e-05	1.5182e-05	3.24726e-05	2.65685e-05	2.99423e-05	3.20509e-05	3.54246e-05	4.93415e-05	5.56673e-05	5.90411e-05	3.75332e-05	5.90411e-05	4.0907e-05	5.81976e-05	0.000104587	4.72329e-05	6.57886e-05	9.95264e-05	7.1271e-05	7.29579e-05	0.000104587	7.33796e-05	0.000144651	0.000125251	0.000164725	0.000204113	0.000183871	0.000247129	0.000347499	0.000676864	0.00149163	0.00749779
d2_22	2.53033e-06	0	7.59099e-06	1.01213e-05	1.85558e-05	9.27788e-06	1.85558e-05	1.26517e-05	1.5182e-05	2.2773e-05	1.09648e-05	3.12074e-05	2.61468e-05	3.12074e-05	3.71115e-05	2.02427e-05	1.5182e-05	2.53033e-05	2.95205e-05	4.63894e-05	4.17505e-05	4.38591e-05	5.65107e-05	6.32583e-05	4.30156e-05	6.32583e-05	8.9405e-05	0.000119769	0.00015182	0.000170376	0.000370272	0.000948874	0.000827418
