	d0_0	d0_1	d0_2	d0_3	d0_4	d0_5	d0_6	d0_7	d0_8	d0_9	d0_10	d0_11	d0_12	d0_13	d0_14	d0_15	d0_16	d0_17	d0_18	d0_19	d0_20	d0_21	d0_22	d0_23	d0_24	d0_25	d0_26	d0_27	d0_28	d0_29	d0_30	d0_31	d0_32
d1_0	0	0.10507	0.039142	0.0233891	0.0165319	0.0126281	0.0104539	0.00882074	0.00773004	0.00701287	0.00574628	0.00537616	0.00480271	0.00438248	0.00391542	0.00349699	0.00348939	0.00311278	0.00273774	0.00261563	0.00232265	0.00202123	0.00203345	0.00194957	0.00186063	0.00173562	0.00164753	0.00158042	0.00141713	0.00120539	0.00115674	0.000882438	0.000506669
d1_1	0.0312678	0.00915446	0.00512545	0.00338701	0.00269693	0.00225308	0.00197896	0.00184766	0.00164518	0.00155291	0.00142809	0.00134188	0.00128793	0.0012351	0.00110879	0.00109178	0.000881745	0.000953489	0.000936618	0.00093766	0.000745198	0.000801315	0.000782997	0.000870254	0.000769848	0.000646073	0.000732771	0.000663366	0.000674993	0.000621196	0.000616842	0.000500594	0.000357851
d1_2	0.0173234	0.00552436	0.00318104	0.00214091	0.00175261	0.00149064	0.00123764	0.00113318	0.00116737	0.00104589	0.00099998	0.000958587	0.000803596	0.000834408	0.000780107	0.000759335	0.000707942	0.000644245	0.000651616	0.000612637	0.000582408	0.000658029	0.000561432	0.000565386	0.000533702	0.000539895	0.000610061	0.000499916	0.000613672	0.000528235	0.000488936	0.000538853	0.000328937
d1_3	0.012	0.0040212	0.00249626	0.00174774	0.00126151	0.00110691	0.00104841	0.000929268	0.000875839	0.000859212	0.000792219	0.000696994	0.000659158	0.000673168	0.000562486	0.000575549	0.000657411	0.000542498	0.000512357	0.000552111	0.000502963	0.000452326	0.000506437	0.000461669	0.000452666	0.000511357	0.000478785	0.000474858	0.000481341	0.000591861	0.00049981	0.000497504	0.000344035
d1_4	0.00899821	0.00331456	0.001723	0.00141573	0.00103127	0.00093738	0.000825486	0.000775935	0.000678865	0.000656799	0.000686846	0.000591574	0.000588728	0.000581147	0.000499252	0.000523879	0.000513507	0.000526731	0.000443217	0.000441133	0.000485262	0.000415444	0.000437284	0.000388422	0.000408749	0.00043928	0.000455649	0.000423869	0.000408828	0.000466388	0.000527201	0.000398368	0.00032539
d1_5	0.00704365	0.00285055	0.00155372	0.0011865	0.000992317	0.000796668	0.00067219	0.000609326	0.000634681	0.000529083	0.000518692	0.000534336	0.000555341	0.000502713	0.000486973	0.000497109	0.000474797	0.000521953	0.000437759	0.000502139	0.000420359	0.00039121	0.000460762	0.00037646	0.000450711	0.000400166	0.000394617	0.000375349	0.000361345	0.000444246	0.000575457	0.000442139	0.000352429
d1_6	0.0061204	0.00246681	0.00143599	0.0010164	0.000821469	0.000680459	0.000629837	0.000639151	0.000557235	0.000421321	0.000460827	0.000497502	0.000388604	0.000368888	0.000393691	0.000390273	0.000403572	0.000396438	0.000363942	0.000410124	0.000356254	0.000344055	0.000317964	0.000360995	0.000357186	0.000349224	0.000306113	0.000362561	0.000397982	0.000384364	0.000405084	0.000383121	0.00036564
d1_7	0.00539962	0.00216421	0.00136306	0.000871896	0.000747588	0.000637594	0.000536956	0.000494998	0.000494886	0.000440716	0.000456785	0.00040606	0.000421732	0.000434362	0.000387122	0.000401701	0.00037425	0.000393606	0.0003552	0.000364454	0.000378142	0.000368575	0.000340877	0.000342075	0.00030522	0.000398527	0.000302895	0.000370598	0.000417029	0.000399677	0.000398039	0.000451464	0.000417667
d1_8	0.00474396	0.00203209	0.00115106	0.000895453	0.000662088	0.00058909	0.000545264	0.000472931	0.000446127	0.000411263	0.000478978	0.000397454	0.000409158	0.000458882	0.000419616	0.000377273	0.00030009	0.000332695	0.000361779	0.000311471	0.000376249	0.000324813	0.00032621	0.000359773	0.000371752	0.000427567	0.000334844	0.000299684	0.000422823	0.000367199	0.000409725	0.000361912	0.000372521
d1_9	0.00408872	0.00183633	0.00119409	0.000757402	0.000650249	0.000534905	0.000529403	0.000483883	0.000438041	0.000372315	0.000384896	0.000438775	0.000361252	0.000354385	0.000376735	0.000431925	0.000329608	0.000339038	0.000333613	0.000354605	0.000290006	0.000294605	0.000363392	0.000324586	0.000316823	0.000294266	0.000327648	0.000310629	0.000363569	0.000319741	0.000381633	0.00042415	0.000421696
d1_10	0.00359912	0.00165705	0.00105647	0.000728682	0.000549839	0.000523911	0.000535162	0.000448611	0.000354366	0.000447224	0.00032853	0.000363171	0.000381102	0.000330987	0.0003228	0.000402732	0.00033435	0.000332234	0.00035276	0.00035761	0.000268203	0.000319074	0.000304041	0.000295371	0.000275432	0.000256046	0.000330696	0.000353834	0.000343141	0.000392987	0.000401996	0.000394991	0.000459887
d1_11	0.00339835	0.0015168	0.000966652	0.000691569	0.000566976	0.000463433	0.000475686	0.000367841	0.000387645	0.000373321	0.00035955	0.000356109	0.00034954	0.000328039	0.00032249	0.00034593	0.000271459	0.000356055	0.000305654	0.000306089	0.000269055	0.000288251	0.000290287	0.00030337	0.000267873	0.000283288	0.000350074	0.000291175	0.000375572	0.00039637	0.000400736	0.00054058	0.000439697
d1_12	0.00291103	0.00152076	0.000997789	0.000690448	0.0005885	0.000518941	0.000472694	0.000410019	0.000360569	0.000324795	0.000309065	0.000294442	0.000314547	0.000249859	0.000284332	0.000280464	0.000308905	0.00033322	0.000291761	0.000351677	0.000341392	0.000280227	0.000277288	0.000296543	0.000251244	0.000242076	0.000360141	0.000334177	0.000341237	0.000364485	0.000537119	0.000513191	0.000486138
d1_13	0.00270362	0.00149469	0.000862031	0.000660218	0.000454646	0.000405021	0.00045862	0.000360981	0.000376265	0.000347565	0.00034998	0.000321269	0.000404568	0.000281312	0.000260709	0.000299391	0.000295295	0.000363986	0.00027366	0.000258679	0.000322762	0.000347976	0.000281712	0.000350588	0.00027161	0.000279813	0.000221883	0.000316941	0.000302537	0.000358393	0.000406737	0.000514512	0.000480761
d1_14	0.00254657	0.00130649	0.000801134	0.000603028	0.000497535	0.000383652	0.00038726	0.000391188	0.00032057	0.000315952	0.000299991	0.000325556	0.000331686	0.000326653	0.000296045	0.000308145	0.000217996	0.00035655	0.000322978	0.000314288	0.000356639	0.000290707	0.000247301	0.000250175	0.000272774	0.000318847	0.0003222	0.000291516	0.000359681	0.000407922	0.000426873	0.00048952	0.000405054
d1_15	0.00238325	0.00131712	0.00076922	0.000539164	0.000434647	0.000415043	0.000309445	0.000340953	0.000289049	0.000392004	0.000310403	0.000344825	0.000337186	0.000231427	0.000276015	0.000322581	0.000288132	0.000314463	0.000249621	0.00023396	0.000350784	0.000289772	0.000289039	0.000260761	0.000310925	0.000302803	0.000349887	0.000352104	0.000303635	0.000406241	0.000446341	0.000557289	0.000484333
d1_16	0.00238084	0.00127457	0.000871552	0.00055943	0.000445157	0.000437596	0.000425856	0.000324157	0.000304346	0.000292774	0.000313046	0.000307202	0.000348418	0.000337561	0.000311719	0.000345229	0.000277474	0.000264259	0.000230389	0.000235057	0.000266199	0.000258278	0.000260451	0.000262753	0.000260605	0.000339934	0.000350397	0.000385422	0.000385213	0.000426229	0.000474336	0.000577805	0.000462046
d1_17	0.00218546	0.00133119	0.000771897	0.000567578	0.000490673	0.000422095	0.000374301	0.00033607	0.000331545	0.000310188	0.000324468	0.000287574	0.000274417	0.000322281	0.000297968	0.000345579	0.000258414	0.000328385	0.000290049	0.000272752	0.00030381	0.000295658	0.000302988	0.000294915	0.000327351	0.000276447	0.000359319	0.000298484	0.000367126	0.000430962	0.00044756	0.000491198	0.00066179
d1_18	0.00208889	0.00109145	0.000687826	0.000548831	0.00045761	0.000399832	0.000409244	0.000354099	0.000303066	0.000318244	0.000300055	0.000290243	0.000247869	0.000304538	0.000278801	0.000343721	0.000302236	0.000367491	0.000286058	0.000259039	0.000319379	0.00028557	0.000273084	0.000351905	0.000309799	0.000326374	0.000404305	0.000358115	0.000326414	0.000443359	0.000510746	0.000553315	0.000622275
d1_19	0.00190514	0.00111266	0.000654096	0.000496079	0.000432404	0.000369724	0.000382569	0.000338025	0.00033941	0.000314655	0.000327533	0.00027461	0.000302423	0.000309531	0.000304917	0.000297849	0.000275727	0.000341852	0.000291271	0.000277486	0.000264385	0.000330786	0.000280105	0.000261712	0.000319749	0.000366101	0.000389843	0.000356225	0.00038582	0.000426417	0.000572333	0.000588651	0.000683309
d1_20	0.00183866	0.000952714	0.000738779	0.000514496	0.000462961	0.000379306	0.000398433	0.000406262	0.00034295	0.000336417	0.00028853	0.000304922	0.000358288	0.000271645	0.00033069	0.000273485	0.000272695	0.000336368	0.000305988	0.000341	0.000350598	0.00031031	0.000353673	0.000298152	0.000283403	0.000367655	0.000329915	0.000344754	0.000392928	0.000519008	0.00051706	0.000707264	0.000792672
d1_21	0.00175361	0.0010555	0.000637492	0.000507544	0.000524865	0.000344026	0.000317272	0.000417638	0.000286415	0.0003174	0.000316653	0.000302672	0.000301446	0.000300666	0.000313377	0.00036191	0.000339277	0.000305665	0.000283338	0.00029685	0.000288689	0.000261478	0.000309581	0.000328237	0.000328872	0.000314087	0.000374497	0.000419519	0.000417939	0.000503775	0.000653031	0.000632362	0.00094477
d1_22	0.00167624	0.000968083	0.000627342	0.000542055	0.000473224	0.000359087	0.000343064	0.000313625	0.000319604	0.000310067	0.000300999	0.000290025	0.000301971	0.000350843	0.000310044	0.000351833	0.000340215	0.00032192	0.000300482	0.000281791	0.000253432	0.000329386	0.000299428	0.000289807	0.000373452	0.000421477	0.00040179	0.000427773	0.000469967	0.000521862	0.000573852	0.000842044	0.000959746
d1_23	0.00152093	0.00105935	0.000819389	0.000549082	0.000410117	0.000392964	0.000387933	0.000402677	0.000380075	0.0002892	0.000403074	0.000337465	0.000303516	0.00042689	0.000326787	0.000373654	0.000341137	0.000396406	0.000307784	0.000357177	0.000401512	0.000389301	0.000295202	0.000338167	0.000433119	0.000356562	0.000407937	0.000488681	0.000556722	0.000602201	0.000659987	0.000977532	0.00110557
d1_24	0.0014197	0.000877209	0.000729783	0.000568739	0.00041727	0.000377015	0.000424928	0.000373183	0.000329673	0.000306259	0.00032004	0.000339249	0.000407619	0.00035486	0.000298702	0.000371063	0.000363295	0.000308108	0.000310057	0.000362417	0.000377555	0.000361752	0.000436649	0.000436723	0.00043669	0.000497235	0.000503047	0.000560736	0.000501283	0.000659028	0.000701701	0.00102028	0.00127902
d1_25	0.00132527	0.00101687	0.000674213	0.000631625	0.000489744	0.000470934	0.000326864	0.000435613	0.00035122	0.000360378	0.000383822	0.000365416	0.000341534	0.000400785	0.000288238	0.00036241	0.000439554	0.000361205	0.000349974	0.000417116	0.000404021	0.000429397	0.00045246	0.000555826	0.000501423	0.000525306	0.000645916	0.00064585	0.000633761	0.000845243	0.000926037	0.00111839	0.00179506
d1_26	0.0012702	0.00099045	0.000699472	0.000538861	0.000581939	0.000442383	0.000461507	0.000410699	0.000427676	0.000386957	0.00037893	0.000410576	0.000355376	0.000411812	0.000398826	0.000377414	0.000408945	0.000474291	0.000437733	0.000473604	0.000462983	0.000556268	0.000534383	0.000556632	0.0006778	0.000554578	0.000642255	0.000743982	0.000752252	0.000933603	0.00127367	0.0014861	0.00235363
d1_27	0.00117932	0.000907009	0.000792104	0.000589639	0.000567667	0.000471609	0.000485468	0.000461367	0.00046834	0.000582986	0.000493669	0.00050151	0.000462037	0.00052447	0.000564407	0.00053495	0.000473735	0.000597145	0.000604097	0.000567674	0.000650235	0.000634679	0.000677055	0.000763626	0.000727224	0.000779288	0.00083581	0.000982133	0.00111744	0.00132942	0.00178488	0.00228574	0.00368225
d1_28	0.00121123	0.00109894	0.00100449	0.000690165	0.000821705	0.000863866	0.0007966	0.000703347	0.000795463	0.00070355	0.000772584	0.000703356	0.000844953	0.000914376	0.000939211	0.0010751	0.00112658	0.0010854	0.0012485	0.00135306	0.00139338	0.00147709	0.00147883	0.00195456	0.00192761	0.00214937	0.00241163	0.00280014	0.00356676	0.00477698	0.00704556	0.0122666	0.0283813
